58.467351 25.519629
23.835154 39.705058
56.127168 81.323218
21.705090 83.827348
91.276568 67.390866
15.385946 71.334743
33.091322 85.573236
85.354696 61.785307
85.963889 15.245028
71.802589 65.555325
69.273537 4.134305
38.765593 16.994993
86.015213 95.168161
26.332815 31.796690
11.148018 83.808053
96.203725 84.650961
5.403901 24.898500
15.927819 59.248122
94.926179 34.820576
44.916276 94.512421
96.883285 61.832593
47.839421 26.829442
43.114683 36.959281
86.689233 31.302499
63.325224 66.254965
95.295884 42.914512
69.357779 30.991007
65.009415 55.829271
23.802381 94.572754
86.580129 43.905955
67.321963 85.544700
24.428258 64.275297
94.859061 24.267126
35.180906 94.897682
59.574840 73.158592
79.600489 50.745439
34.239927 41.307329
78.875893 85.258155
79.392713 72.536107
4.713864 36.199205
39.131678 5.040502
86.875042 5.474558
34.897788 50.970990
55.395823 59.600084
45.747513 47.279581
3.674043 13.426259
48.068551 16.220533
80.854709 24.610682
57.500006 14.934306
29.364894 13.468627
95.488920 4.875128
69.960063 21.184180
45.100218 57.436535
95.065563 15.322782
29.219832 4.386256
76.025517 58.589968
5.105288 63.367907
62.951562 38.187346
14.362168 33.591104
96.101687 74.542288
78.527369 4.758028
67.303708 12.275854
28.851877 57.201517
46.139302 83.293683
69.410939 75.949030
4.514352 46.612597
87.074100 75.735425
78.581257 35.687619
28.787976 73.173068
57.587312 47.960050
76.373464 42.996363
12.534194 95.694595
3.152391 91.126143
21.339934 15.668919
12.227039 14.024925
75.760156 94.041427
22.185591 48.493580
12.733001 44.486021
5.713949 55.089381
40.409635 75.085547
36.918687 28.888076
29.256650 22.703516
12.878903 4.764903
52.799058 37.619305
77.734553 14.607372
95.192310 51.580300
59.451849 4.572060
39.281433 64.154234
87.619713 54.604867
65.913649 95.595089
69.300264 47.088542
95.092640 95.147944
4.496260 3.362450
49.803810 5.316713
50.818487 69.893135
88.146601 85.268545
20.655437 3.995295
16.952070 24.591581
4.546242 74.774366
55.707623 93.604578
